   4.4626568380527560        6.9956519345188406        4.6043918068921581     
  0.72284759820222200        3.3692165238838938        2.1247793164417277     
   4.9407685705687401        3.0794327814548361        2.3527173143304858     
   8.3386554758703628        4.2816636032555540        4.1596124057519539     
   8.8147233560930127E-002   6.7209257171924364        2.8606825607671036     
   8.4374326867824436        8.4492482483427196        8.8210492751133511     
   5.6086055910929602       0.82687090395568985        7.3459800171778049     
  0.87189625116204816        8.5297033813849588        7.3316079872710578     
   9.5952295743838629        6.1629097102073658        6.9868644676250060     
   6.8427727641693439        2.6901569590092924        7.7674410937953322     
   1.4398336310177062        5.6036005457717541        7.7515098532397300     
  0.39854462617607000        5.4900494905600583        3.3261724952343563     
   4.7503569491744360        2.7517706971699161        4.0032323549196560     
   2.6219683152069617        1.0059254188826483        9.0769478578465996     
   7.4574272779521618        8.7516327409342693        7.5228584158264518     
   1.9358981813851579        1.2016404999215662        8.3301180224748084     
   4.7896569523455916        4.3051591886989282        8.6919637389865940     
   8.9973095737115667        3.9529500420111980        3.7058086069710501     
   6.9859622630198430        2.5324097525051603        6.7745507673835634     
   1.9639193510800763        6.2692713150501866        9.2388429973690762     
   6.9424622845346295        2.9399272866823463        6.8333797840473141     
   2.5475576647750398        6.2997932157742396        9.6292349445184513     
   7.3674595294406959        9.3909942647571789        6.9469223293005804     
   9.3529749183616513        7.7072076476089935        1.9135634986266081     
   6.8204995999119253        1.5199394180427861        5.2938089224984699     
   7.8030795517281559        4.8709906856267660        1.5719194455391223     
   5.9761014659825964        4.1103994442080936        9.0372558238243883     
   9.4563924873695484        8.4085151355756675        9.8047945999619230     
   8.5618970477265197        6.2850805942808963        7.5999385808460618     
   7.6849630051000766        3.7652511229525758        2.4036271476154520     
   8.7992729666997214        5.3996070772892901       0.17214724508445189     
   7.8891216948329124        3.5886574994107878        1.3518297573945082     
   8.3614226577665534        6.5687047705906698        7.0892920758462914     
   4.1559172258051458        2.7159804872369300        1.0798210154310861     
   1.5764215953907761        4.3092837944194580        7.2253493634026178     
   5.9928117204729014        8.7142073291011997        4.6240719763385778     
   3.5125591880162959        4.2700467067330337        6.8295151546464385     
   5.2288074851380095        4.8085794700648581        1.6919551659085763     
   9.6577367510775609        2.3496349445228781        9.9537237782276655     
   8.2078783066910006        9.1237277372921533        9.0382155818255665     
   7.8529342200169827        3.9207328714205660        7.4406658519525877     
   4.2680984291666597        1.9941003295980804        3.9183534893718441     
   4.8281156477550145        1.3294335957160279        5.5716589534792815     
   1.0637142392295318        5.6302136933679261        4.3560688496892492     
  0.18560004814086817        6.9569719196542827        1.6370424530690659     
   3.1276218797484203        9.1770680170330348        1.0140346711934360     
   3.7827017647810459        5.1546160144480098        3.5294446754727735     
   9.8142396666174783        4.5200854228953204        6.7303256659343234     
   6.5722889322507863        5.7661804284473011        2.1584247397819398     
   9.4003656544976728        7.3542038780231351        6.1456879990663458     
   9.0483762021074892        6.9279813504430399       0.54247786046876023     
   4.6296661715534118        9.4840575473183790        6.5826952726347265     
   3.9916934589764419        9.6341947275710176        6.0547384108995983     
   9.5149552994950941        4.9336875470819779        9.6039539372001812     
   2.2019397172144037        1.5986185611777319        4.5317272439335703     
   8.6545922460638725        5.0844465107651420        7.1427161233804402     
   8.3623726927618751        1.5751636978062984        7.8309400263995670     
   7.1457010326271941        2.0986335623052197       0.40127985720060821     
   9.1495376402730795        9.7453985383417105        8.6816825124538699     
   7.3026825058540457        5.6056353944118200        6.9889163850763580     
   1.1647314504799522        6.9897393201754454        2.8188482081564779     
   7.4921728142358450        3.4676407426516223        8.9798698074004228     
   6.9616206154138816        4.0237822910120480        1.6012626040977800     
   8.0383610989184007        2.5544309824118483        8.5399753249616595     
   1.8887337146828298        1.3212383218117640        3.4732933690338319     
   5.7140211097474332        1.8608130882259100        9.8664775540033176     
   6.9846430052590405        3.3258047812111640       0.88190442793692814     
   1.8436290746873363        5.9417424657478097        5.8607816642235742     
   1.8081144337392863        6.3244637808405146        2.7964804448262806     
   6.4389905615759355        2.9269738447269744        2.0041071443139504     
   7.5200217009282921        6.0739097896056737        1.9537951548172161     
   4.0632412662602722        1.2157774361148799        5.7133922831912596     
   3.8657950524574582        4.3003500191048900        7.5778620140906732     
   2.8341288431815821        4.6146509331443299        4.6674927784499545     
   5.3259518177993961        8.8394253347578040        4.7205142711899262     
   8.1475123333271426        5.5402397748455599        6.3660337170519448     
   7.5950939651214799        6.2996206743298044       0.45015782207718791     
  0.23970198662352782       0.26656384153831425        4.1965774695793163     
   3.4401751300513639        2.1953348858556798        6.1200935691641902     
   7.8591419052363687        6.6114260587757121       0.81512644187573591     
   9.0277386285772572        2.6136424163511802        3.8020549772008039     
   3.7525949800620380        5.0501880421268242        7.1588155304935039     
  0.60383879116390426        3.3839237600054601        8.0964996517812384     
   7.2388904511659424        5.3618033785954822        7.3699264162138158     
   3.7528315056836603       0.88563049751943790        7.0679867651100139     
   2.1917715974588541       0.43846790056528417       0.32152145575903401     
   4.8447759810363742        4.3969324290830123        5.3610259106559619     
   9.8610928527774444        5.4461573578235720        2.6767488175185683     
   1.8751573321288522        7.1749502999180956        4.4139579175792694     
   7.1644637237810898        1.5520797848033963        1.8984959059288098     
   9.8784585836143997        5.5921725656697685        6.3205049668053261     
   5.8353243878429595        9.9441723731804785        7.8967937448279377     
   5.2805322883872385        1.6401146435228420       0.63066240830925213     
   2.4185454260494699        3.6333239359189400        3.2633260214921962     
   3.7050583941815662        3.5825213583781701        8.6885390802573141     
   4.5495782146956802        6.9864788186606965        4.3017688026339682     
   4.9466039930001759E-003   1.8943334116847421        4.1271145485597982     
   1.6148905469881281       0.89664128011081423        2.8559782161657981     
   3.8369243421107901        9.4857865683087326        9.5692016977235248     
   5.0921997790583662        5.0948246739898693        6.8216178782988077     
