         100   415361361.69519341     
         200   415361361.69519341     
         300   415361361.69519341     
         400   415361361.69519341     
         500   415361361.69519341     
         600   415361361.69519341     
         700   415361361.69519341     
         800   415361361.69519341     
         900   415361361.69519341     
        1000   415361361.69519341     
        1100   415361361.69519341     
        1200   415361361.69519341     
        1300   415361361.69519341     
        1400   415361361.69519341     
        1500   415361361.69519341     
        1600   415361361.69519341     
        1700   415361361.69519341     
        1800   415361361.69519341     
        1900   415361361.69519341     
        2000   415361361.69519341     
        2100   415361361.69519341     
        2200   415361361.69519341     
        2300   415361361.69519341     
        2400   415361361.69519341     
        2500   415361361.69519341     
        2600   415361361.69519341     
        2700   415361361.69519341     
        2800   415361361.69519341     
        2900   415361361.69519341     
        3000   415361361.69519341     
        3100   415361361.69519341     
        3200   415361361.69519341     
        3300   415361361.69519341     
        3400   415361361.69519341     
        3500   415361361.69519341     
        3600   415361361.69519341     
        3700   415361361.69519341     
        3800   415361361.69519341     
        3900   415361361.69519341     
        4000   415361361.69519341     
        4100   415361361.69519341     
        4200   415361361.69519341     
        4300   415361361.69519341     
        4400   415361361.69519341     
        4500   415361361.69519341     
        4600   415361361.69519341     
        4700   415361361.69519341     
        4800   415361361.69519341     
        4900   415361361.69519341     
        5000   415361361.69519341     
        5100   415361361.69519341     
        5200   415361361.69519341     
        5300   415361361.69519341     
        5400   415361361.69519341     
        5500   415361361.69519341     
        5600   415361361.69519341     
        5700   415361361.69519341     
        5800   415361361.69519341     
        5900   415361361.69519341     
        6000   415361361.69519341     
        6100   415361361.69519341     
        6200   415361361.69519341     
        6300   415361361.69519341     
        6400   415361361.69519341     
        6500   415361361.69519341     
        6600   415361361.69519341     
        6700   415361361.69519341     
        6800   415361361.69519341     
        6900   415361361.69519341     
        7000   415361361.69519341     
        7100   415361361.69519341     
        7200   415361361.69519341     
        7300   415361361.69519341     
        7400   415361361.69519341     
        7500   415361361.69519341     
        7600   415361361.69519341     
        7700   415361361.69519341     
        7800   415361361.69519341     
        7900   415361361.69519341     
        8000   415361361.69519341     
        8100   415361361.69519341     
        8200   415361361.69519341     
        8300   415361361.69519341     
        8400   415361361.69519341     
        8500   415361361.69519341     
        8600   415361361.69519341     
        8700   415361361.69519341     
        8800   415361361.69519341     
        8900   415361361.69519341     
        9000   415361361.69519341     
        9100   415361361.69519341     
        9200   415361361.69519341     
        9300   415361361.69519341     
        9400   415361361.69519341     
        9500   415361361.69519341     
        9600   415361361.69519341     
        9700   415361361.69519341     
        9800   415361361.69519341     
        9900   415361361.69519341     
       10000   415361361.69519341     
       10100   415361361.69519341     
       10200   415361361.69519341     
       10300   415361361.69519341     
       10400   415361361.69519341     
       10500   415361361.69519341     
       10600   415361361.69519341     
       10700   415361361.69519341     
       10800   415361361.69519341     
       10900   415361361.69519341     
       11000   415361361.69519341     
       11100   415361361.69519341     
       11200   415361361.69519341     
       11300   415361361.69519341     
       11400   415361361.69519341     
       11500   415361361.69519341     
       11600   415361361.69519341     
       11700   415361361.69519341     
       11800   415361361.69519341     
       11900   415361361.69519341     
       12000   415361361.69519341     
       12100   415361361.69519341     
       12200   415361361.69519341     
       12300   415361361.69519341     
       12400   415361361.69519341     
       12500   415361361.69519341     
       12600   415361361.69519341     
       12700   415361361.69519341     
       12800   415361361.69519341     
       12900   415361361.69519341     
       13000   415361361.69519341     
       13100   415361361.69519341     
       13200   415361361.69519341     
       13300   415361361.69519341     
       13400   415361361.69519341     
       13500   415361361.69519341     
       13600   415361361.69519341     
       13700   415361361.69519341     
       13800   415361361.69519341     
       13900   415361361.69519341     
       14000   415361361.69519341     
       14100   415361361.69519341     
       14200   415361361.69519341     
       14300   415361361.69519341     
       14400   415361361.69519341     
       14500   415361361.69519341     
       14600   415361361.69519341     
       14700   415361361.69519341     
       14800   415361361.69519341     
       14900   415361361.69519341     
       15000   415361361.69519341     
       15100   415361361.69519341     
       15200   415361361.69519341     
       15300   415361361.69519341     
       15400   415361361.69519341     
       15500   415361361.69519341     
       15600   415361361.69519341     
       15700   415361361.69519341     
       15800   415361361.69519341     
       15900   415361361.69519341     
       16000   415361361.69519341     
       16100   415361361.69519341     
       16200   415361361.69519341     
       16300   415361361.69519341     
       16400   415361361.69519341     
       16500   415361361.69519341     
       16600   415361361.69519341     
       16700   415361361.69519341     
       16800   415361361.69519341     
       16900   415361361.69519341     
       17000   415361361.69519341     
       17100   415361361.69519341     
       17200   415361361.69519341     
       17300   415361361.69519341     
       17400   415361361.69519341     
       17500   415361361.69519341     
       17600   415361361.69519341     
       17700   415361361.69519341     
       17800   415361361.69519341     
       17900   415361361.69519341     
       18000   415361361.69519341     
       18100   415361361.69519341     
       18200   415361361.69519341     
       18300   415361361.69519341     
       18400   415361361.69519341     
       18500   415361361.69519341     
       18600   415361361.69519341     
       18700   415361361.69519341     
       18800   415361361.69519341     
       18900   415361361.69519341     
       19000   415361361.69519341     
       19100   415361361.69519341     
       19200   415361361.69519341     
       19300   415361361.69519341     
       19400   415361361.69519341     
       19500   415361361.69519341     
       19600   415361361.69519341     
       19700   415361361.69519341     
       19800   415361361.69519341     
       19900   415361361.69519341     
       20000   415361361.69519341     
       20100   415361361.69519341     
       20200   415361361.69519341     
       20300   415361361.69519341     
       20400   415361361.69519341     
       20500   415361361.69519341     
       20600   415361361.69519341     
       20700   415361361.69519341     
       20800   415361361.69519341     
       20900   415361361.69519341     
       21000   415361361.69519341     
       21100   415361361.69519341     
       21200   415361361.69519341     
       21300   415361361.69519341     
       21400   415361361.69519341     
       21500   415361361.69519341     
       21600   415361361.69519341     
       21700   415361361.69519341     
       21800   415361361.69519341     
       21900   415361361.69519341     
       22000   415361361.69519341     
       22100   415361361.69519341     
       22200   415361361.69519341     
       22300   415361361.69519341     
       22400   415361361.69519341     
       22500   415361361.69519341     
       22600   415361361.69519341     
       22700   415361361.69519341     
       22800   415361361.69519341     
       22900   415361361.69519341     
       23000   415361361.69519341     
       23100   415361361.69519341     
       23200   415361361.69519341     
       23300   415361361.69519341     
       23400   415361361.69519341     
       23500   415361361.69519341     
       23600   415361361.69519341     
       23700   415361361.69519341     
       23800   415361361.69519341     
       23900   415361361.69519341     
       24000   415361361.69519341     
       24100   415361361.69519341     
       24200   415361361.69519341     
       24300   415361361.69519341     
       24400   415361361.69519341     
       24500   415361361.69519341     
       24600   415361361.69519341     
       24700   415361361.69519341     
       24800   415361361.69519341     
       24900   415361361.69519341     
       25000   415361361.69519341     
       25100   415361361.69519341     
       25200   415361361.69519341     
       25300   415361361.69519341     
       25400   415361361.69519341     
       25500   415361361.69519341     
       25600   415361361.69519341     
       25700   415361361.69519341     
       25800   415361361.69519341     
       25900   415361361.69519341     
       26000   415361361.69519341     
       26100   415361361.69519341     
       26200   415361361.69519341     
       26300   415361361.69519341     
       26400   415361361.69519341     
       26500   415361361.69519341     
       26600   415361361.69519341     
       26700   415361361.69519341     
       26800   415361361.69519341     
       26900   415361361.69519341     
       27000   415361361.69519341     
       27100   415361361.69519341     
       27200   415361361.69519341     
       27300   415361361.69519341     
       27400   415361361.69519341     
       27500   415361361.69519341     
       27600   415361361.69519341     
       27700   415361361.69519341     
       27800   415361361.69519341     
       27900   415361361.69519341     
       28000   415361361.69519341     
       28100   415361361.69519341     
       28200   415361361.69519341     
       28300   415361361.69519341     
       28400   415361361.69519341     
       28500   415361361.69519341     
       28600   415361361.69519341     
       28700   415361361.69519341     
       28800   415361361.69519341     
       28900   415361361.69519341     
       29000   415361361.69519341     
       29100   415361361.69519341     
       29200   415361361.69519341     
       29300   415361361.69519341     
       29400   415361361.69519341     
       29500   415361361.69519341     
       29600   415361361.69519341     
       29700   415361361.69519341     
       29800   415361361.69519341     
       29900   415361361.69519341     
       30000   415361361.69519341     
       30100   415361361.69519341     
       30200   415361361.69519341     
       30300   415361361.69519341     
       30400   415361361.69519341     
       30500   415361361.69519341     
       30600   415361361.69519341     
       30700   415361361.69519341     
       30800   415361361.69519341     
       30900   415361361.69519341     
       31000   415361361.69519341     
       31100   415361361.69519341     
       31200   415361361.69519341     
       31300   415361361.69519341     
       31400   415361361.69519341     
       31500   415361361.69519341     
       31600   415361361.69519341     
       31700   415361361.69519341     
       31800   415361361.69519341     
       31900   415361361.69519341     
       32000   415361361.69519341     
       32100   415361361.69519341     
       32200   415361361.69519341     
       32300   415361361.69519341     
       32400   415361361.69519341     
       32500   415361361.69519341     
       32600   415361361.69519341     
       32700   415361361.69519341     
       32800   415361361.69519341     
       32900   415361361.69519341     
       33000   415361361.69519341     
       33100   415361361.69519341     
       33200   415361361.69519341     
       33300   415361361.69519341     
       33400   415361361.69519341     
       33500   415361361.69519341     
       33600   415361361.69519341     
       33700   415361361.69519341     
       33800   415361361.69519341     
       33900   415361361.69519341     
       34000   415361361.69519341     
       34100   415361361.69519341     
       34200   415361361.69519341     
       34300   415361361.69519341     
       34400   415361361.69519341     
       34500   415361361.69519341     
       34600   415361361.69519341     
       34700   415361361.69519341     
       34800   415361361.69519341     
       34900   415361361.69519341     
       35000   415361361.69519341     
       35100   415361361.69519341     
       35200   415361361.69519341     
       35300   415361361.69519341     
       35400   415361361.69519341     
       35500   415361361.69519341     
       35600   415361361.69519341     
       35700   415361361.69519341     
       35800   415361361.69519341     
       35900   415361361.69519341     
       36000   415361361.69519341     
       36100   415361361.69519341     
       36200   415361361.69519341     
       36300   415361361.69519341     
       36400   415361361.69519341     
       36500   415361361.69519341     
       36600   415361361.69519341     
       36700   415361361.69519341     
       36800   415361361.69519341     
       36900   415361361.69519341     
       37000   415361361.69519341     
       37100   415361361.69519341     
       37200   415361361.69519341     
       37300   415361361.69519341     
       37400   415361361.69519341     
       37500   415361361.69519341     
       37600   415361361.69519341     
       37700   415361361.69519341     
       37800   415361361.69519341     
       37900   415361361.69519341     
       38000   415361361.69519341     
       38100   415361361.69519341     
       38200   415361361.69519341     
       38300   415361361.69519341     
       38400   415361361.69519341     
       38500   415361361.69519341     
       38600   415361361.69519341     
       38700   415361361.69519341     
       38800   415361361.69519341     
       38900   415361361.69519341     
       39000   415361361.69519341     
       39100   415361361.69519341     
       39200   415361361.69519341     
       39300   415361361.69519341     
       39400   415361361.69519341     
       39500   415361361.69519341     
       39600   415361361.69519341     
       39700   415361361.69519341     
       39800   415361361.69519341     
       39900   415361361.69519341     
       40000   415361361.69519341     
       40100   415361361.69519341     
       40200   415361361.69519341     
       40300   415361361.69519341     
       40400   415361361.69519341     
       40500   415361361.69519341     
       40600   415361361.69519341     
       40700   415361361.69519341     
       40800   415361361.69519341     
       40900   415361361.69519341     
       41000   415361361.69519341     
       41100   415361361.69519341     
       41200   415361361.69519341     
       41300   415361361.69519341     
       41400   415361361.69519341     
       41500   415361361.69519341     
       41600   415361361.69519341     
       41700   415361361.69519341     
       41800   415361361.69519341     
       41900   415361361.69519341     
       42000   415361361.69519341     
       42100   415361361.69519341     
       42200   415361361.69519341     
       42300   415361361.69519341     
       42400   415361361.69519341     
       42500   415361361.69519341     
       42600   415361361.69519341     
       42700   415361361.69519341     
       42800   415361361.69519341     
       42900   415361361.69519341     
       43000   415361361.69519341     
       43100   415361361.69519341     
       43200   415361361.69519341     
       43300   415361361.69519341     
       43400   415361361.69519341     
       43500   415361361.69519341     
       43600   415361361.69519341     
       43700   415361361.69519341     
       43800   415361361.69519341     
       43900   415361361.69519341     
       44000   415361361.69519341     
       44100   415361361.69519341     
       44200   415361361.69519341     
       44300   415361361.69519341     
       44400   415361361.69519341     
       44500   415361361.69519341     
       44600   415361361.69519341     
       44700   415361361.69519341     
       44800   415361361.69519341     
       44900   415361361.69519341     
       45000   415361361.69519341     
       45100   415361361.69519341     
       45200   415361361.69519341     
       45300   415361361.69519341     
       45400   415361361.69519341     
       45500   415361361.69519341     
       45600   415361361.69519341     
       45700   415361361.69519341     
       45800   415361361.69519341     
       45900   415361361.69519341     
       46000   415361361.69519341     
       46100   415361361.69519341     
       46200   415361361.69519341     
       46300   415361361.69519341     
       46400   415361361.69519341     
       46500   415361361.69519341     
       46600   415361361.69519341     
       46700   415361361.69519341     
       46800   415361361.69519341     
       46900   415361361.69519341     
       47000   415361361.69519341     
       47100   415361361.69519341     
       47200   415361361.69519341     
       47300   415361361.69519341     
       47400   415361361.69519341     
       47500   415361361.69519341     
       47600   415361361.69519341     
       47700   415361361.69519341     
       47800   415361361.69519341     
       47900   415361361.69519341     
       48000   415361361.69519341     
       48100   415361361.69519341     
       48200   415361361.69519341     
       48300   415361361.69519341     
       48400   415361361.69519341     
       48500   415361361.69519341     
       48600   415361361.69519341     
       48700   415361361.69519341     
       48800   415361361.69519341     
       48900   415361361.69519341     
       49000   415361361.69519341     
       49100   415361361.69519341     
       49200   415361361.69519341     
       49300   415361361.69519341     
       49400   415361361.69519341     
       49500   415361361.69519341     
       49600   415361361.69519341     
       49700   415361361.69519341     
       49800   415361361.69519341     
       49900   415361361.69519341     
       50000   415361361.69519341     
       50100   415361361.69519341     
       50200   415361361.69519341     
       50300   415361361.69519341     
       50400   415361361.69519341     
       50500   415361361.69519341     
       50600   415361361.69519341     
       50700   415361361.69519341     
       50800   415361361.69519341     
       50900   415361361.69519341     
       51000   415361361.69519341     
       51100   415361361.69519341     
       51200   415361361.69519341     
       51300   415361361.69519341     
       51400   415361361.69519341     
       51500   415361361.69519341     
       51600   415361361.69519341     
       51700   415361361.69519341     
       51800   415361361.69519341     
       51900   415361361.69519341     
       52000   415361361.69519341     
       52100   415361361.69519341     
       52200   415361361.69519341     
       52300   415361361.69519341     
       52400   415361361.69519341     
       52500   415361361.69519341     
       52600   415361361.69519341     
       52700   415361361.69519341     
       52800   415361361.69519341     
       52900   415361361.69519341     
       53000   415361361.69519341     
       53100   415361361.69519341     
       53200   415361361.69519341     
       53300   415361361.69519341     
       53400   415361361.69519341     
       53500   415361361.69519341     
       53600   415361361.69519341     
       53700   415361361.69519341     
       53800   415361361.69519341     
       53900   415361361.69519341     
       54000   415361361.69519341     
       54100   415361361.69519341     
       54200   415361361.69519341     
       54300   415361361.69519341     
       54400   415361361.69519341     
       54500   415361361.69519341     
       54600   415361361.69519341     
       54700   415361361.69519341     
       54800   415361361.69519341     
       54900   415361361.69519341     
       55000   415361361.69519341     
       55100   415361361.69519341     
       55200   415361361.69519341     
       55300   415361361.69519341     
       55400   415361361.69519341     
       55500   415361361.69519341     
       55600   415361361.69519341     
       55700   415361361.69519341     
       55800   415361361.69519341     
       55900   415361361.69519341     
       56000   415361361.69519341     
       56100   415361361.69519341     
       56200   415361361.69519341     
       56300   415361361.69519341     
       56400   415361361.69519341     
       56500   415361361.69519341     
       56600   415361361.69519341     
       56700   415361361.69519341     
       56800   415361361.69519341     
       56900   415361361.69519341     
       57000   415361361.69519341     
       57100   415361361.69519341     
       57200   415361361.69519341     
       57300   415361361.69519341     
       57400   415361361.69519341     
       57500   415361361.69519341     
       57600   415361361.69519341     
       57700   415361361.69519341     
       57800   415361361.69519341     
       57900   415361361.69519341     
       58000   415361361.69519341     
       58100   415361361.69519341     
       58200   415361361.69519341     
       58300   415361361.69519341     
       58400   415361361.69519341     
       58500   415361361.69519341     
       58600   415361361.69519341     
       58700   415361361.69519341     
       58800   415361361.69519341     
       58900   415361361.69519341     
       59000   415361361.69519341     
       59100   415361361.69519341     
       59200   415361361.69519341     
       59300   415361361.69519341     
       59400   415361361.69519341     
       59500   415361361.69519341     
       59600   415361361.69519341     
       59700   415361361.69519341     
       59800   415361361.69519341     
       59900   415361361.69519341     
       60000   415361361.69519341     
       60100   415361361.69519341     
       60200   415361361.69519341     
       60300   415361361.69519341     
       60400   415361361.69519341     
       60500   415361361.69519341     
       60600   415361361.69519341     
       60700   415361361.69519341     
       60800   415361361.69519341     
       60900   415361361.69519341     
       61000   415361361.69519341     
       61100   415361361.69519341     
       61200   415361361.69519341     
       61300   415361361.69519341     
       61400   415361361.69519341     
       61500   415361361.69519341     
       61600   415361361.69519341     
       61700   415361361.69519341     
       61800   415361361.69519341     
       61900   415361361.69519341     
       62000   415361361.69519341     
       62100   415361361.69519341     
       62200   415361361.69519341     
       62300   415361361.69519341     
       62400   415361361.69519341     
       62500   415361361.69519341     
       62600   415361361.69519341     
       62700   415361361.69519341     
       62800   415361361.69519341     
       62900   415361361.69519341     
       63000   415361361.69519341     
       63100   415361361.69519341     
       63200   415361361.69519341     
       63300   415361361.69519341     
       63400   415361361.69519341     
       63500   415361361.69519341     
       63600   415361361.69519341     
       63700   415361361.69519341     
       63800   415361361.69519341     
       63900   415361361.69519341     
       64000   415361361.69519341     
       64100   415361361.69519341     
       64200   415361361.69519341     
       64300   415361361.69519341     
       64400   415361361.69519341     
       64500   415361361.69519341     
       64600   415361361.69519341     
       64700   415361361.69519341     
       64800   415361361.69519341     
       64900   415361361.69519341     
       65000   415361361.69519341     
       65100   415361361.69519341     
       65200   415361361.69519341     
       65300   415361361.69519341     
       65400   415361361.69519341     
       65500   415361361.69519341     
       65600   415361361.69519341     
       65700   415361361.69519341     
       65800   415361361.69519341     
       65900   415361361.69519341     
       66000   415361361.69519341     
       66100   415361361.69519341     
       66200   415361361.69519341     
       66300   415361361.69519341     
       66400   415361361.69519341     
       66500   415361361.69519341     
       66600   415361361.69519341     
       66700   415361361.69519341     
       66800   415361361.69519341     
       66900   415361361.69519341     
       67000   415361361.69519341     
       67100   415361361.69519341     
       67200   415361361.69519341     
       67300   415361361.69519341     
       67400   415361361.69519341     
       67500   415361361.69519341     
       67600   415361361.69519341     
       67700   415361361.69519341     
       67800   415361361.69519341     
       67900   415361361.69519341     
       68000   415361361.69519341     
       68100   415361361.69519341     
       68200   415361361.69519341     
       68300   415361361.69519341     
       68400   415361361.69519341     
       68500   415361361.69519341     
       68600   415361361.69519341     
       68700   415361361.69519341     
       68800   415361361.69519341     
       68900   415361361.69519341     
       69000   415361361.69519341     
       69100   415361361.69519341     
       69200   415361361.69519341     
       69300   415361361.69519341     
       69400   415361361.69519341     
       69500   415361361.69519341     
       69600   415361361.69519341     
       69700   415361361.69519341     
       69800   415361361.69519341     
       69900   415361361.69519341     
       70000   415361361.69519341     
       70100   415361361.69519341     
       70200   415361361.69519341     
       70300   415361361.69519341     
       70400   415361361.69519341     
       70500   415361361.69519341     
       70600   415361361.69519341     
       70700   415361361.69519341     
       70800   415361361.69519341     
       70900   415361361.69519341     
       71000   415361361.69519341     
       71100   415361361.69519341     
       71200   415361361.69519341     
       71300   415361361.69519341     
       71400   415361361.69519341     
       71500   415361361.69519341     
       71600   415361361.69519341     
       71700   415361361.69519341     
       71800   415361361.69519341     
       71900   415361361.69519341     
       72000   415361361.69519341     
       72100   415361361.69519341     
       72200   415361361.69519341     
       72300   415361361.69519341     
       72400   415361361.69519341     
       72500   415361361.69519341     
       72600   415361361.69519341     
       72700   415361361.69519341     
       72800   415361361.69519341     
       72900   415361361.69519341     
       73000   415361361.69519341     
       73100   415361361.69519341     
       73200   415361361.69519341     
       73300   415361361.69519341     
       73400   415361361.69519341     
       73500   415361361.69519341     
       73600   415361361.69519341     
       73700   415361361.69519341     
       73800   415361361.69519341     
       73900   415361361.69519341     
       74000   415361361.69519341     
       74100   415361361.69519341     
       74200   415361361.69519341     
       74300   415361361.69519341     
       74400   415361361.69519341     
       74500   415361361.69519341     
       74600   415361361.69519341     
       74700   415361361.69519341     
       74800   415361361.69519341     
       74900   415361361.69519341     
       75000   415361361.69519341     
       75100   415361361.69519341     
       75200   415361361.69519341     
       75300   415361361.69519341     
       75400   415361361.69519341     
       75500   415361361.69519341     
       75600   415361361.69519341     
       75700   415361361.69519341     
       75800   415361361.69519341     
       75900   415361361.69519341     
       76000   415361361.69519341     
       76100   415361361.69519341     
       76200   415361361.69519341     
       76300   415361361.69519341     
       76400   415361361.69519341     
       76500   415361361.69519341     
       76600   415361361.69519341     
       76700   415361361.69519341     
       76800   415361361.69519341     
       76900   415361361.69519341     
       77000   415361361.69519341     
       77100   415361361.69519341     
       77200   415361361.69519341     
       77300   415361361.69519341     
       77400   415361361.69519341     
       77500   415361361.69519341     
       77600   415361361.69519341     
       77700   415361361.69519341     
       77800   415361361.69519341     
       77900   415361361.69519341     
       78000   415361361.69519341     
       78100   415361361.69519341     
       78200   415361361.69519341     
       78300   415361361.69519341     
       78400   415361361.69519341     
       78500   415361361.69519341     
       78600   415361361.69519341     
       78700   415361361.69519341     
       78800   415361361.69519341     
       78900   415361361.69519341     
       79000   415361361.69519341     
       79100   415361361.69519341     
       79200   415361361.69519341     
       79300   415361361.69519341     
       79400   415361361.69519341     
       79500   415361361.69519341     
       79600   415361361.69519341     
       79700   415361361.69519341     
       79800   415361361.69519341     
       79900   415361361.69519341     
       80000   415361361.69519341     
       80100   415361361.69519341     
       80200   415361361.69519341     
       80300   415361361.69519341     
       80400   415361361.69519341     
       80500   415361361.69519341     
       80600   415361361.69519341     
       80700   415361361.69519341     
       80800   415361361.69519341     
       80900   415361361.69519341     
       81000   415361361.69519341     
       81100   415361361.69519341     
       81200   415361361.69519341     
       81300   415361361.69519341     
       81400   415361361.69519341     
       81500   415361361.69519341     
       81600   415361361.69519341     
       81700   415361361.69519341     
       81800   415361361.69519341     
       81900   415361361.69519341     
       82000   415361361.69519341     
       82100   415361361.69519341     
       82200   415361361.69519341     
       82300   415361361.69519341     
       82400   415361361.69519341     
       82500   415361361.69519341     
       82600   415361361.69519341     
       82700   415361361.69519341     
       82800   415361361.69519341     
       82900   415361361.69519341     
       83000   415361361.69519341     
       83100   415361361.69519341     
       83200   415361361.69519341     
       83300   415361361.69519341     
       83400   415361361.69519341     
       83500   415361361.69519341     
       83600   415361361.69519341     
       83700   415361361.69519341     
       83800   415361361.69519341     
       83900   415361361.69519341     
       84000   415361361.69519341     
       84100   415361361.69519341     
       84200   415361361.69519341     
       84300   415361361.69519341     
       84400   415361361.69519341     
       84500   415361361.69519341     
       84600   415361361.69519341     
       84700   415361361.69519341     
       84800   415361361.69519341     
       84900   415361361.69519341     
       85000   415361361.69519341     
       85100   415361361.69519341     
       85200   415361361.69519341     
       85300   415361361.69519341     
       85400   415361361.69519341     
       85500   415361361.69519341     
       85600   415361361.69519341     
       85700   415361361.69519341     
       85800   415361361.69519341     
       85900   415361361.69519341     
       86000   415361361.69519341     
       86100   415361361.69519341     
       86200   415361361.69519341     
       86300   415361361.69519341     
       86400   415361361.69519341     
       86500   415361361.69519341     
       86600   415361361.69519341     
       86700   415361361.69519341     
       86800   415361361.69519341     
       86900   415361361.69519341     
       87000   415361361.69519341     
       87100   415361361.69519341     
       87200   415361361.69519341     
       87300   415361361.69519341     
       87400   415361361.69519341     
       87500   415361361.69519341     
       87600   415361361.69519341     
       87700   415361361.69519341     
       87800   415361361.69519341     
       87900   415361361.69519341     
       88000   415361361.69519341     
       88100   415361361.69519341     
       88200   415361361.69519341     
       88300   415361361.69519341     
       88400   415361361.69519341     
       88500   415361361.69519341     
       88600   415361361.69519341     
       88700   415361361.69519341     
       88800   415361361.69519341     
       88900   415361361.69519341     
       89000   415361361.69519341     
       89100   415361361.69519341     
       89200   415361361.69519341     
       89300   415361361.69519341     
       89400   415361361.69519341     
       89500   415361361.69519341     
       89600   415361361.69519341     
       89700   415361361.69519341     
       89800   415361361.69519341     
       89900   415361361.69519341     
       90000   415361361.69519341     
       90100   415361361.69519341     
       90200   415361361.69519341     
       90300   415361361.69519341     
       90400   415361361.69519341     
       90500   415361361.69519341     
       90600   415361361.69519341     
       90700   415361361.69519341     
       90800   415361361.69519341     
       90900   415361361.69519341     
       91000   415361361.69519341     
       91100   415361361.69519341     
       91200   415361361.69519341     
       91300   415361361.69519341     
       91400   415361361.69519341     
       91500   415361361.69519341     
       91600   415361361.69519341     
       91700   415361361.69519341     
       91800   415361361.69519341     
       91900   415361361.69519341     
       92000   415361361.69519341     
       92100   415361361.69519341     
       92200   415361361.69519341     
       92300   415361361.69519341     
       92400   415361361.69519341     
       92500   415361361.69519341     
       92600   415361361.69519341     
       92700   415361361.69519341     
       92800   415361361.69519341     
       92900   415361361.69519341     
       93000   415361361.69519341     
       93100   415361361.69519341     
       93200   415361361.69519341     
       93300   415361361.69519341     
       93400   415361361.69519341     
       93500   415361361.69519341     
       93600   415361361.69519341     
       93700   415361361.69519341     
       93800   415361361.69519341     
       93900   415361361.69519341     
       94000   415361361.69519341     
       94100   415361361.69519341     
       94200   415361361.69519341     
       94300   415361361.69519341     
       94400   415361361.69519341     
       94500   415361361.69519341     
       94600   415361361.69519341     
       94700   415361361.69519341     
       94800   415361361.69519341     
       94900   415361361.69519341     
       95000   415361361.69519341     
       95100   415361361.69519341     
       95200   415361361.69519341     
       95300   415361361.69519341     
       95400   415361361.69519341     
       95500   415361361.69519341     
       95600   415361361.69519341     
       95700   415361361.69519341     
       95800   415361361.69519341     
       95900   415361361.69519341     
       96000   415361361.69519341     
       96100   415361361.69519341     
       96200   415361361.69519341     
       96300   415361361.69519341     
       96400   415361361.69519341     
       96500   415361361.69519341     
       96600   415361361.69519341     
       96700   415361361.69519341     
       96800   415361361.69519341     
       96900   415361361.69519341     
       97000   415361361.69519341     
       97100   415361361.69519341     
       97200   415361361.69519341     
       97300   415361361.69519341     
       97400   415361361.69519341     
       97500   415361361.69519341     
       97600   415361361.69519341     
       97700   415361361.69519341     
       97800   415361361.69519341     
       97900   415361361.69519341     
       98000   415361361.69519341     
       98100   415361361.69519341     
       98200   415361361.69519341     
       98300   415361361.69519341     
       98400   415361361.69519341     
       98500   415361361.69519341     
       98600   415361361.69519341     
       98700   415361361.69519341     
       98800   415361361.69519341     
       98900   415361361.69519341     
       99000   415361361.69519341     
       99100   415361361.69519341     
       99200   415361361.69519341     
       99300   415361361.69519341     
       99400   415361361.69519341     
       99500   415361361.69519341     
       99600   415361361.69519341     
       99700   415361361.69519341     
       99800   415361361.69519341     
       99900   415361361.69519341     
      100000   415361361.69519341     
