  0.89046275885107640     
  0.47804467698559278     
  0.24723213085598900     
  0.73254616529147720     
  0.30239106647878039     
  0.71158267595302638     
  0.50657940765418763     
  0.17061362840365463     
  0.45407354109531439     
  0.97402089887398402     
  0.52795629517351761     
  0.13868981226183141     
  0.46400322299152458     
  0.34446672425758518     
   8.9281643913117215E-002
   9.3923150795111598E-002
  0.60146868445214774     
  0.20859981110701042     
  0.38666033425118063     
  0.85223105628002060     
   4.1748739782922983E-002
  0.43031856140878638     
  0.42999339531509961     
  0.86181055047645372     
  0.28580890397589498     
  0.81069807610557554     
  0.67492511126625376     
  0.42497928915826400     
  0.43429528407523460     
  0.79688739448900336     
  0.46565009878506203     
  0.28245348510893481     
   4.4472646858399412E-002
  0.11083730412223103     
  0.23594011614099319     
  0.49947551345041818     
  0.41719042060063882     
  0.42772487695355121     
  0.55502453974687582     
  0.98227450778658620     
   8.6899927970460811E-002
  0.57304535973319404     
   8.9616709265424199E-002
  0.13801718538035479     
   6.7831032912603229E-002
  0.33326854004155881     
  0.66628563802103657     
  0.12147619058717779     
  0.65304034197724214     
  0.32260594653208940     
  0.88914814629357497     
  0.10864421775280941     
  0.74856022601980521     
  0.45915342049966640     
  0.39064037312386457     
  0.75929242563412824     
  0.37332256441232303     
  0.92449693595164939     
  0.73126769363103017     
  0.99842960192557462     
  0.23407263591509242     
  0.35104743622879397     
  0.43748836599729557     
  0.95129853710112267     
  0.10153454585770100     
  0.56410941164346684     
   2.4042797338908184E-002
  0.30596141569638202     
  0.49278214266810982     
  0.16396547611783341     
  0.66374388037753573     
  0.60594631165368740     
  0.47078613110936901     
   9.1178840308495990E-002
  0.73250777548365742     
  0.58541188487322260     
  0.63277240471963581     
  0.90266474842684996     
  0.59995656053251345     
  0.59770824441646575     
  0.43355056795055541     
  0.87223315547478741     
  0.90193677328797195     
  0.91043072368289957     
  0.52128228704956636     
  0.68705058781742478     
  0.96196678513454359     
   4.8400963577446388E-002
  0.42744040778609960     
  0.66040942813893622     
  0.40158461179843818     
  0.83029131568634895     
  0.92706446817540078     
  0.42068925473529739     
  0.16814570483587282     
  0.83879343261457162     
  0.33643491163718781     
  0.74195083304396603     
  0.34629117296482459     
  0.34541009564113523     
   3.9030573378720235E-002
  0.22241297516343983     
  0.94459296110593161     
  0.34381491476005460     
  0.20991820902440661     
  0.91275384454543762     
  0.50551351312550785     
  0.12356689319270842     
  0.96143422867636574     
  0.93866993946754818     
  0.27530890073101760     
  0.95723455650775091     
  0.85088270074781414     
  0.39585006979038317     
   9.6047009409404582E-002
  0.83944550684049446     
  0.78538141078091361     
  0.44652514207684457     
  0.37411286644017616     
  0.81745641500718558     
   6.5634285514827195E-002
  0.67321156699154305     
  0.65314305310095677     
  0.16689759847661662     
  0.19996731439789162     
  0.38099249751153380     
  0.28172063240181744     
  0.36263363100990620     
  0.83663307943354281     
  0.30123916665476658     
  0.84117395064379097     
   1.2282056441894007E-002
  0.55196095843736537     
  0.30421064157590061     
  0.38086608958784302     
  0.40313982428023099     
  0.12945990296675181     
  0.25925854892989819     
   3.1144496648611408E-002
   4.9393734163737213E-002
  0.29299091936522120     
  0.79443584752713381     
  0.95532469482622395     
  0.92642534096065221     
  0.72453512162626099     
  0.28270729537580896     
  0.60620520577671255     
  0.14712062295615919     
  0.45003927248343140     
  0.11578324446430460     
  0.40916107249214240     
  0.26425221325854564     
  0.92453606359964058     
  0.73437561799397177     
  0.60783518505360801     
  0.53032359238277715     
  0.11374563352200023     
  0.11638500562738163     
  0.71846939205954197     
  0.64851409904793078     
  0.65012360040789496     
  0.46793301119996361     
  0.39856581848163558     
  0.76123943636920766     
  0.42306366398806461     
  0.89784205323759680     
  0.43176477657349521     
  0.54186258681333499     
  0.15646877154615918     
  0.83856789357047179     
   3.1056956068301000E-002
  0.95275412090351419     
  0.88175044525114099     
   3.6532938065241827E-002
  0.54693880984594456     
  0.82081897059769693     
  0.24218343585087859     
   6.8588252441810216E-003
  0.11248205533654343     
  0.63414741260345475     
  0.23954857530403340     
  0.71559693324050055     
   9.8394332779981997E-002
  0.51327330207251542     
  0.70523035147547786     
  0.25008669967021824     
   6.7278873049227805E-002
  0.94933500610365074     
   3.8106937880979186E-002
  0.78932765359351587     
  0.52560402066023115     
  0.73740503350840758     
  0.95180033244608953     
  0.83789047713072262     
  0.22951574758937843     
  0.99753563882515883     
  0.94552590493822997     
   8.1325339653283424E-002
   2.2290832057077214E-002
  0.27839479117012822     
  0.96420808466762953     
  0.35864569172930300     
  0.78252348757623014     
  0.42969182846536758     
  0.15137064567334640     
  0.82034522202680593     
  0.32109913580674698     
  0.88064554857016342     
  0.84029781445109486     
  0.43377932191958002     
  0.62685695915614581     
  0.39566266071515360     
  0.93289816272428006     
  0.29932426884736163     
  0.30569005768567759     
  0.70751995311351745     
  0.22265652900955341     
  0.30533155444102161     
  0.79662730478084720     
  0.15161540348649261     
  0.72047634433409957     
  0.51490572793335565     
  0.74262473630279180     
  0.45049284279037338     
   9.4096323210473620E-002
  0.58381008391969225     
  0.95554312322379986     
  0.77631499327050912     
  0.49311187480269320     
  0.86118212974401565     
  0.97725637389320119     
  0.90689507577075257     
  0.75012102620316745     
   6.0586964443087421E-002
   9.7932295122609814E-002
  0.30622952897984479     
  0.22279400104335623     
  0.64662317906703626     
  0.18999080328310342     
   2.0775268996650220E-002
  0.48413730477303801     
  0.86540964868522097     
  0.79932396438969744     
  0.39277301876500159     
  0.22814313949055359     
  0.98825977482323479     
  0.28562292401488820     
  0.30346024578156500     
  0.14253074486273121     
  0.40175436602776160     
  0.77675217835680677     
  0.86754294951166644     
  0.77133143867934439     
  0.30403816485837143     
  0.74956317526143623     
   6.0471562189027994E-002
  0.87979268821971868     
  0.52090464326694563     
  0.53327161171643656     
  0.47715748017524362     
  0.93503890947331336     
  0.30518272749168740     
  0.81473785628342177     
  0.95352678508209499     
  0.25806847466636962     
  0.41462258639559924     
   2.1936079936818453E-004
  0.88210994803756282     
   9.0029763788337824E-002
  0.79919196434065576     
  0.98670013646456667     
  0.92030256184333759     
  0.91077660215393186     
  0.36160387202317701     
  0.94631127142302440     
  0.91527094426424538     
  0.25775092096914981     
  0.32313466990009942     
  0.97233850104712705     
  0.85633762787359702     
  0.50177165273887525     
  0.74516575843442723     
   4.6673532820090402E-002
  0.88672305051767952     
  0.65119969268402422     
  0.26478518252537719     
  0.48007808719821199     
  0.14884829329620258     
  0.56201744337079462     
  0.67445171729636666     
  0.91128420988199721     
  0.88157529354284847     
  0.60385427516164936     
  0.95439990518719875     
  0.43785830518253177     
  0.15295859320617683     
  0.38608388247281539     
  0.71828631596177839     
  0.92654793605043739     
  0.90595890770030540     
  0.58568227151466379     
  0.83535477075451581     
   6.6474129470579013E-002
  0.49539762821657601     
  0.18386939670217578     
  0.63314552437086802     
  0.17534690197418001     
  0.79534087753162885     
  0.79757144753217502     
  0.86606053314677778     
  0.54971471544498018     
  0.26615039103490340     
  0.84979804240108037     
  0.50939039127858865     
  0.45454449174088518     
  0.96231943431942379     
  0.93077145309928999     
  0.31725346161067819     
  0.47680005167663719     
  0.37144942104773837     
  0.21249272500200500     
  0.77566069923764602     
  0.66952459665169095     
  0.18605841039874221     
  0.39367496236706301     
   4.7222644698081184E-002
  0.26448583059314301     
  0.53708307448263315     
  0.18516135414380541     
  0.17124412947750378     
  0.57134368539530178     
   5.6369964555559426E-002
  0.43321428466137979     
  0.38921070150460824     
  0.98562632360001134     
  0.60855157687013595     
  0.89045388567691042     
  0.39020094657738080     
  0.24117149306166141     
  0.94341711232640180     
  0.88479738569200816     
  0.53033444973931643     
  0.12471816740090003     
  0.53374220706251174     
  0.33591967498168279     
  0.26309182606067000     
  0.39268467724742717     
  0.72853109216558054     
  0.45669835570026140     
  0.33764986222051219     
  0.80939402288144535     
  0.84776999334585679     
  0.27641474200573940     
  0.60092284314559519     
  0.54541249466840958     
  0.69714318105162443     
  0.43669742042566401     
  0.24740862576401301     
   7.0579331554566194E-002
  0.76313876106910095     
  0.40194658678017081     
  0.42718387852347861     
  0.33924113387581878     
  0.84542628373902207     
  0.31075101587848997     
  0.87050380689177920     
  0.45055475547371121     
  0.72463659385835300     
   7.5290713460757219E-002
  0.93402302556052996     
  0.96162817959296354     
  0.20502406790289862     
  0.91451123827270764     
  0.48539593833504258     
  0.99776986175214677     
  0.67314942659987842     
   4.4238900535649606E-002
  0.41789305934645538     
  0.37464798659609061     
  0.43000770997321819     
  0.66279942819434057     
   9.2481183159038582E-002
   4.6583336975263845E-003
  0.39493105760986641     
  0.85707013971671597     
  0.36227264602388481     
  0.42080046091628359     
  0.91966399831147161     
   4.9605059831029419E-002
  0.56204489340004282     
  0.30874058697741319     
  0.51700946369738243     
  0.47128570688022620     
  0.95506413968969839     
  0.17989117530515542     
  0.29734030160963598     
  0.23284589339320039     
  0.89159025430292060     
  0.98129748330094280     
  0.31575774596191764     
  0.44584456961831243     
  0.92762960950887918     
  0.60844609855474041     
  0.45082812723627502     
  0.76226802631349422     
  0.17504546062014142     
  0.56860807648669998     
  0.14246689875409102     
  0.24529380283964480     
  0.23592738915473599     
  0.93712249374891021     
  0.54626642417696958     
  0.14693321318243779     
  0.79593274572251183     
  0.10860433247404583     
  0.88676205988772594     
  0.22886467383654380     
  0.56220722708531357     
  0.78213529097949497     
  0.88989674836096821     
  0.94743789352728802     
  0.72260619437822238     
  0.78587265726988642     
  0.34928963458231277     
  0.12186558998679259     
  0.96867812741237413     
  0.97891166744425107     
  0.89990281545778161     
  0.50830211730546737     
  0.83993677242157638     
  0.85406319887443694     
  0.91277372827867764     
  0.64380466639952294     
  0.31053812838353301     
  0.71665016131887915     
  0.38215335526005201     
  0.22841334196299018     
  0.38173272675772041     
  0.79265607947769556     
  0.33965939891472979     
  0.46139671026872120     
  0.17033756535218542     
  0.25443455547721938     
  0.93726230153929224     
   3.7807377565358014E-002
  0.49926958991870718     
  0.13862353726437199     
  0.77957027542169899     
  0.69939289159013540     
  0.73299351320063422     
  0.99431597579764874     
  0.78362914864006761     
   7.4577739364606599E-002
  0.37069733187644904     
  0.82838776604238795     
  0.93557360890433361     
  0.67214300306003416     
  0.71542787843429956     
  0.48100008496551261     
  0.74949705719180115     
  0.69470281694347280     
  0.39061050631298838     
  0.93458054402016444     
  0.80271449015301743     
  0.55482454454790198     
  0.14857659861245059     
  0.35155077058402701     
  0.90673908858197660     
  0.71922513830106560     
  0.78027348273984076     
  0.21308798716454419     
  0.71454658457815223     
  0.88046758473388398     
  0.94834133725690517     
   7.8650004999087197E-002
  0.27232256586249981     
  0.54485853944827756     
  0.53628439544262263     
  0.24878725253384781     
  0.31299012354430761     
  0.92183119089137544     
  0.41732381204534602     
  0.42850327318867343     
  0.80883616984423878     
  0.81817142380994956     
  0.26285700429337877     
  0.21195530401410140     
  0.28740014862285201     
  0.46516609239642681     
  0.10608055703627478     
  0.77888680072973782     
  0.70287019261958361     
  0.37787749509835222     
  0.45004065293605877     
  0.87818010511393285     
  0.86352584470595417     
  0.80261552783479340     
  0.70739102084046146     
  0.84383725633786877     
  0.94859582366384188     
