  0.57116004836735190      -0.27606751681207098        2.4798456895772820     
  0.15687093304695854       0.92879517092211317        2.0189683509640362     
  -1.1331269681195499       -1.7168451246540766       -1.0471749601963454     
   1.2853869628732000       0.15770197512282219       0.73789647122386315     
   2.0461900789729568       -1.2468451618256942        1.7212259987353864     
   1.1205749801663620       0.23195886047921688        2.4573649333567458     
   2.1121105404357499      -0.60020682009707038      -0.77271133267566394     
 -0.50457222304841121       -1.3691907012676978      -0.37747790312066126     
  0.12672122095576643        2.0656697676437354        2.1123847810915981     
  -1.8875740293843546      -0.14316473770192004        1.0364541041811723     
  0.11724674714724698      -0.71619643763133578       -1.1779010759770006     
   1.0558919832206497       0.83819365797151313       0.97362886923096104     
  -1.6493085712753703       -2.2600633529171343      -0.65172528452939971     
 -0.61867761852364822       0.38208477217015885       0.99245441604667428     
 -0.52988164649909320       0.33825668531723135       -1.2173210730441077     
 -0.63925887825943573       0.43057651289776988        1.9279525605069749     
  0.70924968461894777        1.1086458268120325E-002  0.18800789902814982     
  0.17461278151755347      -0.69358795084293545      -0.90040987004043016     
  0.22064787730031196       0.76286200394714343       -2.2235143920469143     
  0.28279786027498710       0.23574264134105838       -1.1015916341317344     
 -0.30573200044690713       -1.4256088978303987       -8.3961511226152225E-002
  -1.5674531307672062       -1.2409007471172382      -0.92020015229558405     
  0.88572044431584174       -1.9628793768289923        1.1644998953117431     
  -94106672.250515610        111693742.93182951        240783046.75264978     
 -0.54536163747184974       -1.0759428629062751       -1.4911872805705129     
  -1.2544205249387552       0.46890410544118999       0.58123083979937484     
 -0.55971077128054059      -0.88425807600900219       0.59909493401945380     
  -1.3076116185450251       0.26096017967179930       0.95745694370371071     
  -1.8781787604634108        8.1788700388677180E-002  -2.2495942106836653     
 -0.58266538345254149       0.31807495316279438      -0.15390841727519639     
   1.9623161075517876       0.50019365610993072       -2.1970468225821120     
  0.40684326762200435       0.22064188232909207       0.60134715955557394     
   1.2899239959685069       -1.4699958269445828        1.1752172175315754     
  -2.9822718646049595       0.21297032995483564       -5.3404770044159403E-002
 -0.37083347144936774       -1.6842415383854790       0.12706406799940587     
 -0.35456328424624844      -0.81820690435324583       0.74474472137621361     
  -1.4601271351143486      -0.44456143262878139        2.6302500955738419     
  -1.9788521460034441E-002 -0.53190036814119979       0.67206608372845222     
 -0.18132825595874605       -2.0382582689926783       -2.6963943843945688     
  -1.5090222312731194       -2.3191150729531640       0.43519024574493553     
   2.1462429570140729       -9.1196916508764964E-002   1.2502663928875710     
 -0.20230199373286936      -0.25107393657402155       -2.5570789432274390     
 -0.89030022192051617        2.5284188333923314        2.0309446575288521     
   2.3203927775839706       -1.4665822598129683        1.5750233349702214     
  -1.8348722252667455       -1.4351736671855444      -0.76110533583376305     
  0.36048341955570878      -0.20370515419659430       0.61599859694910941     
 -0.35004738251123768        1.2892828826471192       -9.2551692092914403E-002
 -0.99581040630985274       -1.8633940146958445       0.46549067775279312     
  -475174736688.18811       -4290908270644.4268       -426203156302.20984     
   1.0760772832060099      -0.44941116086241523       0.52391780897987517     
   1.3079031178505731E-002  0.34378918941729170        2.0178228206331652     
  0.42273181848784830      -0.78154043426810005       -1.8277792699838382     
   2.2060149056418124       -1.2943351672704562       0.97764933473410387     
  0.57860012377544912       0.29037835257662648        1.4124122059519295     
  -1.3149815374714562        1.1985166385558093      -0.37632986411794700     
  -1.1569184677076167       -1.8711556730179286      -0.59829661307548143     
  0.65552076922351288       0.36736588950056748       -2.5572967601242905E-002
  -3.3839126215262123       0.84353776977044292       0.93048567456460840     
  0.47298230257160689       -3.1055445803705242        1.5084436013983185     
 -0.73183741667128133       0.95158710642324218        1.0428710014531262     
   1.6139120899598116       0.57706574401482480       -1.1514055402431038     
  -1.0417396174512878      -0.26083440126642876       0.30503705849466917     
  0.58744615462029726       -1.6129949458767943       -1.2227667383935561     
  0.11762598954925983       -1.4668624078757972       -1.4184098208669853     
 -0.86321876847318901      -0.17641752637814392       0.90734632039017349     
  0.77004922667557785        1.3133153560514954       -1.0808684490409028     
   2.9141704228120169       0.22861932480984387       -1.0093052081546050     
 -0.22825220916935238       0.24597085104403341      -0.96426404389362363     
 -0.51986561574724333       -1.2960954394182185       0.91216424024373510     
 -0.64141925824565083       0.69790334698166512       -1.5017317015366094     
 -0.92658832809318581      -0.81332649387525457       -1.0257655472990925     
  0.69967151558057794       0.36094603001887421       -1.7748856776618587     
   155963106.51494682       -69692829.235366106        19265457.716856845     
 -0.64967485141662085        1.1588038881770431       0.84976491711732061     
  0.53356790272012855        8.0483026404288699E-003   2.4310831523328420     
  0.47804199913444279       0.22783264262548436       0.97080108945827837     
  0.66219125489900865      -0.28955715745431537       0.97633197205102318     
  -1.0182830118705868       0.52425950798114695        1.2314937827235495     
  0.33239194298266966      -0.13757468107427001       -1.6654300991167312     
  -2.5806800373404140       -1.7302398674307795        2.0003186486565006     
  -6.7288620086719250E-002  0.15043454780850801      -0.61835040791746854     
   1.7344036266279159       -1.1683948062747334      -0.12668266323426916     
   2.1038857120897712      -0.51517120135371652       0.13808282279645909     
   1.1646078330868050       0.49969726709666340       -1.1451712782403156     
  -5467.7210347708715       -1839.7680786360445       -1393.4228142684444     
  0.49942048886447588       -2.3684732648347357       0.98187667562732206     
  -2.7501258022652957      -0.38510728207774758       0.96879093245752401     
  -65366823.652825922        362346085.31953019       -48795590.981534645     
 -0.98213503005750347       0.54917725574837994        1.6086449150156668     
  -9.3329530829604199E-002 -0.13471309844916063        1.5735481814862589     
  -3.0398112643686078E-002  -4.1802810861226870E-002  -2.1199499575748524     
  0.31964949318220781       0.80170985578756304        1.6018078395097650     
  0.41776934949472655       0.91330616042314872      -0.60202358985414073     
 -0.55124273388895839       0.34045195677345652        1.9487940612761243     
  0.56494018766364673      -0.75747082884518169        1.2575875876055049     
  0.12107359497469976       0.92470185541643424       0.32510050669216661     
   1.0221395625018017       0.52395942552206298       0.63998640512449934     
   2.6984285626648168       0.23706943288518376       0.10040222637381591     
  -1.1062936677758755       -1.4903928016237928       -1.4381289621163884     
  -1.7081017583142828        1.1529406075990061       -1.0331109337219522     
   1.3327505116071114       0.52084578876959642       0.95156310264817845     
  0.50491328465996721        1.2392972270806657       0.66368783173156398     
  0.71432163101147494       0.31217948452865435        3.8340780588890557     
 -0.44191172016692959       0.93576086095855204      -0.19154675064051746     
 -0.32770690447348982       -1.4444565623724817      -0.42092406126013820     
  -1.2965405822133862      -0.46527286883330521      -0.28653911779326724     
  0.83093469645005780       0.98244882084952601       -1.0133068350081693     
  0.44475641244033376       0.37000484830377456       0.80913845471923240     
  0.92643325858741654        1.3779732946343548       0.27172211875517271     
   1.7939503402332979        1.8788440346882229        1.0120510079901393     
   1.3680873075287558       0.68764222338211711       -9.2015935341871580E-002
  -1.0961876420524734      -0.95069822877207133      -0.63161132781877349     
  0.45889587561937106        1.8855308462158364       0.41247138116531495     
  0.71859032117099997      -0.58727846022259400       0.16190305605119579     
   1.1661800829880933       -1.4795385439787250      -0.13953360984097454     
   1.3103369462237149       -3.2732838632713777E-002  0.33103937064565625     
 -0.28733576369162711       -1.8297290889464533      -0.11691019365307592     
  0.74213314081810855        1.4691527945143517      -0.34221282456971597     
 -0.62473095653562993       -1.6781899511005376      -0.38954648969403211     
 -0.62331666222052196       0.55062099389969188       0.92620601169769023     
  0.97015522713888147      -0.39961331999507044       -1.9472956611150907     
   1.8334596984240319       0.58808277773867801       0.83420160780665864     
   1.0800640365185010       0.66224781693486379        8.6415209175768365E-002
  0.36159926959136363        2.7506989968896307        4.4361262303026491E-002
  -1.0368864022722699      -0.65759641716700146       0.31437835525910829     
  0.42633585216458025       -1.4832522514519333       -1.1601965822395928     
   1.4881283222110637      -0.66474105139365380        2.3458694889447678     
   1.6877672179413805       -1.0509554222655872      -0.29989587709632920     
  -1.6539538380830889       -1.6092287872386528      -0.15056722219387059     
   32437923.618219968        36943420.503123119       -83255974.710535899     
 -0.23060647085560251       -1.7049420596199667      -0.20303189630316509     
   1.4262107291005461       0.46301874698700723       0.95576578687096625     
 -0.22804411839277597       -1.4456794730247555       0.18775868342815147     
 -0.53364133507898859        2.3440664481111775E-002   1.0393634640763980     
   2.9730558407176604        1.2072673574624702       -1.5775081886324323     
   1.4305385183687034       0.67856618084631648        1.3798825386228404     
  0.71913865321204307       0.79436675885315522       -2.0039591448148357     
 -0.44858912081553715       -1.8056240398775201        5.7679980716048178E-002
 -0.24104015798756734       0.98532161898794612       -1.4498632374038722     
  -1.6181989999875777      -0.31862699291478752       0.24074806477829921     
  0.13305937147933239        2.3161668524093400E-002  -3.3496988672492916     
   1.9113205047254958E-002   1.4541365836152802        1.2294701143513451     
  -2.2012038913029821      -0.10449708312391368       0.59522718588697654     
   1.1492582666123015        1.0103200885007302       -1.8381901950482413     
  0.33462040313162045       -1.3187880273734482       0.23416888394316443     
  -2.8030732517142076      -0.89371699300137086       0.12460093863579957     
  -1.2823311961933634       -1.3605990396488188       0.25468671682064892     
  0.12799023064030132       0.44696432736899322       -1.5787060690613433E-002
   1.0997538814486656       -1.2211737765290132       -1.1361112086363991     
 -0.65942186950329940        2.4087258780767247       0.68279717407260987     
  0.32860794513303321       -1.2999026919786891       -2.2484044397641978     
 -0.51814762584593921      -0.97308231560079628       0.11869801674737196     
  -1.3546262838616409E-002 -0.98418754210154458       -2.6500542448947537     
  0.14340624558036558       0.71712015689108544       -1.6632636683415021     
   1.5761415461831398       -1.7710006639867355       -1.0764865500592036     
 -0.19572895141417856      -0.99585517509535104        1.3812265311467191     
  -1.0379706939593156       -1.9535810017373223       0.85369131467322434     
   2.1220717674070482        1.0928787814757721       -1.7968257564761576     
  0.23162522548406336        4.1074111625069368E-002 -0.12925421314672550     
  -2.1277381771857762        1.4664260927013544      -0.83785799734949984     
 -0.61976266974671212       -1.3538357178155422       0.55520967511466857     
  0.30520085059493646      -0.23081176309863774      -0.69197470469140487     
  -139240559.04705781       -68925381.265672073        17171115.618447009     
  0.20711439092409223        1.2523787877842747       0.83775468133776509     
   2.2419201928556358       -1.6293164446975266       0.77218939223520200     
  0.14593566208377376       -4.1982983341805356E-002  0.56474914136308585     
  -2.6585013377432616        1.6059579171949079        2.8063086273541975E-002
  0.36557726988989137      -0.35134717747148764       -2.5719188571341536     
 -0.90434252850492169        3.3255055743092727       0.15588928613963782     
   3.5032070909137718        1.2546579383819849        9.5828915268657888E-002
  0.69257863497195848        2.6355958860150333       -2.0149709108211478     
  0.63347613934051572       0.87692487140216446       0.46571084026298543     
   42994097.373892374       -18771345.394327022       -72984899.613921642     
 -0.97240439772973275        2.3812234652352329       0.28444202446628147     
  0.22144481934616392       0.49231951971430110        1.0716045829154368     
   1.3180477202757910      -0.93346044691481711        1.2940713746527330     
   65366823.851300761       -362346086.43314004        48795593.022037685     
  -1.5841816708655325       -1.5281649863208249        1.1110872828353475     
  -1.0452922978804722       -2.5133106842667239       0.87965375224215880     
  -3.1546865393651133        5.5517693627158193        1.2967165699756438     
   1.2462389826456839        2.2580817491894707      -0.95730499373026945     
  -1.1430791027213585       0.11915826533768453      -0.12322064929296597     
 -0.85503290261200982        1.3298002515566041        2.9911355511486168     
  -1.7381409533479830       -1.7184324029549158       -1.1497639099810859     
   1.5786431196540684       0.90872189279423599        1.3108758964620835     
  0.31636795592610939      -0.80735045756748747      -0.45749029196499230     
 -0.99362602045355564       0.90932196268571708       -2.0127787369760535     
  -3.1553744421428811        1.8544856982487341       0.50326536688700663     
  -4.8347794147713070E-002   1.9013346804432598       0.79024819537013835     
 -0.99070454780017803        8.1073963568166957E-002   1.0188046233795161     
 -0.15567781140539746       0.94083852738057006       0.56244877093906209     
  -1.1380303870138169       -1.5298639526268534        1.3401180297096242     
  -155963105.25594893        69692830.201850981       -19265461.070859157     
   1.5249135597076149        1.6777502826453385       -5.9789987224760907E-002
 -0.24730835799309792       -1.1399612768583420        6.9045954272100585E-002
 -0.25525589759412509       -1.0861347179436884        1.7193361290538356     
  0.67510021684958577       -1.1975705645149688      -0.45499482358424209     
 -0.12785518658780398      -0.51978235654356053      -0.90250527308119788     
 -0.20662352457967639       0.53858231902251674      -0.91510029560443262     
  -1.2977475655362911        1.5465350809399132       0.99994628896594417     
  -2.7871064097691800        1.2745918790915236        1.3680687842032973     
  -1.4554273923859864      -0.91815343137284178       0.37557987408337101     
 -0.41707354186092865       -1.6732699038175438       -1.6083506575579531     
   1.1466135296071551      -0.42161533966560377       0.98967263791010085     
  -6.0790669883462401E-003  -1.0475692948723785      -0.11101421235880884     
  0.53842901595528636        1.2968863106765449       -1.4315922928377895     
 -0.15486038246385278       0.57680930986393475       -1.1615328009246617     
 -0.82960004986224101       -1.0042717828663486       -3.0101033672967925     
   1.7227411853784504        2.4062760647083623       -1.0628012030688225     
  0.32250571028870079        1.9673782331056806       -1.9570328470353175     
  0.18618049362279721      -0.30667445745913552        1.0827810151683734     
  -1.3038452522045236       0.98290937199098594       0.19060074825683929     
  0.23138165004512476       0.55841505734153274       0.86500496011147177     
  0.93612227800204428      -0.19960404155477374       0.58139277907470521     
 -0.77595668953806374      -0.40667782375278799       0.31968152865709121     
   139240681.41314235        68924974.800724953       -17171413.812931046     
 -0.87333326151344171       0.15934736787768555       0.51117686495626713     
 -0.15738951826775147      -0.17653019481282853       -7.9789406898301454E-002
 -0.93668475717391519       -1.3967316384643185       -1.7167873992262992     
  0.18484771413103498       0.17802954600799945       0.24133028505654808     
  0.25650312905751455      -0.48180671455211888       -1.6142605128092736E-004
   1.0053530839491818      -0.46629379612808691       -1.5868095667419964     
  0.63762024337812950        1.1491708575946917       -1.1062194458021402     
   1.4145901778508962       -1.0072577590343781       -1.3035125482605177     
 -0.65125855702008573       -1.6325502929649423       0.27706263999424774     
   82071463.660526663        31904367.669274919        45677369.956147000     
  -42988521.542727441        18773168.683392983        72986187.884347528     
 -0.83355026073601024       -1.5550562667317462        1.6652615888543432     
  -2.1279444223778442E-002   1.8824450574865981        1.0512271487464815     
  -1.1811965210062720        1.7858158758603850      -0.97884499698774763     
  -1.3570616040367434       0.70586803677099230       -1.1018952996277924     
 -0.73333653877515415       0.87827738419119461       0.17657162074022861     
  0.78967590745970850      -0.78275514428763771      -0.29225365617183857     
  -2.1131419568854874       0.57674592134221792      -0.79186572814867773     
  -1.9732554728917957      -0.94581886633501699        1.2744400262285056     
   2.4863664821127012       -1.5296840799295712      -0.53620753661558473     
  -8.4533636419825628E-002 -0.52543966194133385       0.15625626251434097     
  -2.5202163018303528E-002  0.71631547028092069      -0.18218015780888810     
  -82071463.644303218       -31904371.418917913       -45677375.581036314     
  -2.0000641703121382       -2.2205297256134796E-003  -1.4633304593031506     
 -0.87804926038814557       0.88357292107652607       0.32516630782771555     
  0.94750101010636167        1.3080131307686353       0.47388378394942299     
  -1.6471821574687591      -0.81517181470625688        1.1455647465104910     
  -32437923.298795164       -36943421.820311233        83255977.309870243     
  0.72435346218665242       0.44950161125315935      -0.11570928695816707     
   1.4441093923352859      -0.81186064726290930        1.5514690048056197     
  -3.2456358884365026       -1.1832918257892449       0.38956166701506195     
  -2.8632764790589835       -1.4753671882524588        1.0644188753804953     
  -4.4178268814838703E-002  0.35159880886872835      -0.83693569985634475     
   2.7574352947605107        4.1204066759626859E-002  0.75022004002584186     
 -0.20923967763815027      -0.59075647341430981        1.1437847617889620     
   1.5425889424658368        1.3543400862465020        1.2521897195723624     
  0.12435387736132661       0.91589396543127222        2.1710287266451815     
  0.44153725286565348       -1.1160883914575990       0.17751694123864487     
   1.3587231603372794        1.0909377264790319      -0.77136370049375269     
 -0.78437694832403893       -2.9743901435187392        1.4670500261685029     
  -112.11540805537332        16.584857078579706        104.89064340646355     
  0.34260881019870715       0.84112217390467370      -0.84696875212955669     
 -0.50962533156148193       -1.0734376017142386       0.11488044575981486     
 -0.78404868663358462       0.72040514332313121        5.0207558446269347E-002
 -0.93101499044758995       0.10653630177779734       -1.6111314996012218     
   475174736687.71313        4290908270644.1377        426203156300.15247     
  0.39023199455136603       -1.0079338888156244        1.3634501545627684     
  0.56505145153768455       0.84546240294049846       0.58398685383342874     
  0.37952834997375201        3.9514793346618310E-002 -0.34870092670379310     
  -7.0560823679941737E-002 -0.27656157201419435      -0.35531932005863548     
  0.75727939801773236      -0.14243565662156069       -3.1745619424463878     
  -2.8140066543869464      -0.37178993908427682       -1.5396699266282095     
   2.1742509108603993      -0.75669786352926427      -0.90703086881997330     
  0.66587376532931541      -0.58603964853743618      -0.64938206590178538     
  0.19245061998721702       0.19305244176529790       -2.4533133480664171     
 -0.30816488162343736       0.40379778434159591       0.13139140842542291     
   1.4910075148720254       -1.5323401822843865       0.33546516269195042     
  0.13791158080895102       -1.3003976689446457      -0.42946974365145879     
   1.7199661606430492       -3.4536920770986725E-002   1.8314132855938638     
 -0.55488097824962646       -1.0369316951840988        6.0284103586308056E-002
 -0.16734554028690626       0.30272606549126951       -1.2589289698008101     
   2.1475389144309980       0.98360461328374915      -0.87486804902829596     
  -2.6133458841249704       -1.3790275584131995       -5.0004209204574983E-002
 -0.90955756483241279        2.0878966376083450      -0.70251153720626192     
  0.55789211908609404       -2.6040332839523916       -4.1009747058973894E-002
  0.11113830124344347        3.4024677157885175       -2.2937818378443491     
  0.28683831689999623       0.50098622551016614       0.32541154657684757     
 -0.34598133247323770       0.76098687228793427      -0.53228937086981165     
   1.5511906968419418      -0.68909447649370237      -0.53229142500856064     
  0.89773586915154102        2.1895931417754046       -1.7291079725311955     
  -1.8791270763006349      -0.22881330672345179       -1.8030058039911168     
 -0.15160620954582815       0.56716250257804546        2.7047682501954524     
 -0.68940753066535732      -0.99975446501870502       0.43442515671339260     
   2.1219869921139716        4.7062962550755677E-002   1.3950805661312154E-002
   1.3595219599846431       0.48461228674532758       -3.4681306085312875     
   94106673.187880561       -111693743.97384492       -240783043.72999799     
 -0.66452403490361933        1.1851371773422210      -0.69298042953822958     
  -5.0974031905236430       -2.3973384824895003       -3.3551333046832186     
 -0.38717641579591200        1.6079380601636124      -0.81375109745271856     
  -119.87326775748302        410.18170427744280        301.55819285789420     
  -5.1038758583432819E-002  0.69295099820013983       -1.3164756044245065     
 -0.55108507745712987       0.42547372299539177        1.8746879417068156     
  -1.2800740414429632       0.51385348714603218        2.4997641632810597     
  -1.7401678907135580      -0.81360834540983185       0.26045045870764338     
